0,1,2,3,4,5,6,123,567,0,1,2,3,4,5,6,123,567,0,1,2,3,4,5,6,123,567,0,1,2,3,4,5,6,123,567
1,1,2,3,4,5,6,123,567,0,1,2,3,4,5,6,123,567,0,1,2,3,4,5,6,123,567,0,1,2,3,4,5,6,123,567
2,1,2,3,4,5,6,123,567,0,1,2,3,4,5,6,123,567,0,1,2,3,4,5,6,123,567,0,1,2,3,4,5,6,123,567
3,1,2,3,4,5,6,123,567,0,1,2,3,4,5,6,123,567,0,1,2,3,4,5,6,123,567,0,1,2,3,4,5,6,123,567
4,1,2,3,4,5,6,123,567,0,1,2,3,4,5,6,123,567,0,1,2,3,4,5,6,123,567,0,1,2,3,4,5,6,123,567
5,1,2,3,4,5,6,123,567,0,1,2,3,4,5,6,123,567,0,1,2,3,4,5,6,123,567,0,1,2,3,4,5,6,123,567
6,1,2,3,4,5,6,123,567,0,1,2,3,4,5,6,123,567,0,1,2,3,4,5,6,123,567,0,1,2,3,4,5,6,123,567
7,1,2,3,4,5,6,123,567,0,1,2,3,4,5,6,123,567,0,1,2,3,4,5,6,123,567,0,1,2,3,4,5,6,123,567
8,1,2,3,4,5,6,123,567,0,1,2,3,4,5,6,123,567,0,1,2,3,4,5,6,123,567,0,1,2,3,4,5,6,123,567
9,1,2,3,4,5,6,123,567,0,1,2,3,4,5,6,123,567,0,1,2,3,4,5,6,123,567,0,1,2,3,4,5,6,123,567
10,1,2,3,4,5,6,123,567,0,1,2,3,4,5,6,123,567,0,1,2,3,4,5,6,123,567,0,1,2,3,4,5,6,123,567
11,1,2,3,4,5,6,123,567,0,1,2,3,4,5,6,123,567,0,1,2,3,4,5,6,123,567,0,1,2,3,4,5,6,123,567
12,1,2,3,4,5,6,123,567,0,1,2,3,4,5,6,123,567,0,1,2,3,4,5,6,123,567,0,1,2,3,4,5,6,123,567
13,1,2,3,4,5,6,123,567,0,1,2,3,4,5,6,123,567,0,1,2,3,4,5,6,123,567,0,1,2,3,4,5,6,123,567
14,1,2,3,4,5,6,123,567,0,1,2,3,4,5,6,123,567,0,1,2,3,4,5,6,123,567,0,1,2,3,4,5,6,123,567
15,1,2,3,4,5,6,123,567,0,1,2,3,4,5,6,123,567,0,1,2,3,4,5,6,123,567,0,1,2,3,4,5,6,123,567
16,1,2,3,4,5,6,123,567,0,1,2,3,4,5,6,123,567,0,1,2,3,4,5,6,123,567,0,1,2,3,4,5,6,123,567
17,1,2,3,4,5,6,123,567,0,1,2,3,4,5,6,123,567,0,1,2,3,4,5,6,123,567,0,1,2,3,4,5,6,123,567
18,1,2,3,4,5,6,123,567,0,1,2,3,4,5,6,123,567,0,1,2,3,4,5,6,123,567,0,1,2,3,4,5,6,123,567
19,1,2,3,4,5,6,123,567,0,1,2,3,4,5,6,123,567,0,1,2,3,4,5,6,123,567,0,1,2,3,4,5,6,123,567
